col_0 <- c(0.020938,-0.711038,-0.259183,0.209887,0.153849,0.580789,-0.055160,0.526780,0.474853,0.622483,-0.001493,-0.087711,-0.421311,-0.796255,-0.044711,-0.295878,-0.706911,-0.727580,-0.299011,-0.378956,0.305621,0.116111,0.077928,-0.334662,0.144402,0.175767,-0.324190,-0.568194,-0.108833,0.127458,0.206755,0.171164,0.052518,0.211809,0.158306,0.048130,0.470432,0.118034,-0.253533,-0.152470,0.481288,-0.031112,0.347950,-0.708517,0.477280,-0.318043,0.550803,-0.193209,0.031386,0.292786,0.510486,0.018520,0.532962,0.490407,-0.152863,-0.003869,-0.222859,0.039229,-0.257882,-0.473950,0.700689,0.583804,-0.495708,-0.028073,0.072680,0.622148,-0.274159,0.059325,0.167914,-0.116025,0.564397,-0.052977,-0.211598,-0.187580,-0.341198,-0.678088,-0.292945,-0.019757,0.572485,0.748911,-0.397655,0.688174,0.578997,-0.814636,-0.010212,-0.401434,-0.148387,0.608115,-0.156059,0.027260,-0.752485,-0.162131,-0.159336,0.185041,-0.378501,-0.569860,0.517104,-0.152789,-0.130206,-0.451556,0.586445,-0.656427,0.088080,0.485642,0.584768,-0.034138,-0.407453,-0.232137,-0.082712,-0.711115,-0.441219,-0.102876,0.115020,0.088503,0.311317,0.276610,0.037717,-0.265507,0.129786,0.475261,-0.028597,0.658755,-0.885089,-0.097326,-0.242920,-0.307525,-0.091189,0.682345,-0.684714,0.525167,0.190279,-0.612971,-0.356516,-0.734169,-0.092644,-0.020176,0.011967,-0.884776,0.161196,0.120914,-0.628682,0.123407,0.018441,-0.515110,0.419634,-0.489771,0.045667,0.274235,-0.252730,0.100168,-0.671896,-0.376207,-0.677551,0.144664,0.499729,0.445320,-0.914662,0.206131,-0.317989,0.130426,-0.056940,0.599716,-0.290478,-0.244941,-0.404075,0.638609,-0.559818,-0.282989,-0.246773,0.101099,0.082114,0.158348,-0.708468,0.397009,0.340319,-0.288311,0.054330,0.205064,-0.389316,0.672505,0.092382,0.497061,-0.725335,0.657165,0.163264,-0.356864,-0.266810,-0.084957,-0.807997,0.534836,-0.861557,-0.192364,0.239620,0.080475,-0.017908,-0.162640,0.342580,0.736527,-0.608014,0.569427,-0.073761,0.050468,0.317709,-0.172594,0.370194,-0.072658,0.034344,0.106430,0.617120,0.572520,-0.103038,-0.098825,0.546488,0.381598,-0.900836,0.494720,0.035477,0.103741,0.582947,-0.827077,-0.571904,-0.333036,-0.107304,0.115104,-0.757085,-0.583099,-0.009437,0.117928,-0.565266,-0.134156,-0.370164,0.245578,-0.934923,0.254464,-0.157589,-0.842326,-0.068127,-0.145579,-0.355962,0.593763,-0.275220,0.286478,-0.185386,0.332904,0.072216,0.170426,-0.327193,0.174358,-0.250792,0.585173,-0.395953,-0.834222,-0.088527,-0.628059,0.602396,0.255087,0.137835,-0.195675,0.114675,0.166723,-0.356164,-0.189719,0.024840,-0.002962,0.245240,0.198437,-0.267672,0.617742,-0.140419,0.056311,-0.047968,-0.799135,0.537332,0.463859,0.087612,0.463665,-0.593131,0.043237,-0.048031,0.388943,0.029810,0.583777,-0.410083,-0.339130,-0.220077,0.198668,-0.174041,0.664532,0.570046,0.627594,-0.038929,0.552320,0.050501,-0.000382,0.219233,-0.216447,-0.791454,0.625823,0.059156,0.466975,-0.014013,-0.762541,-0.323435,0.597666,0.047090,0.145722,0.588863,-0.598859,-0.417225,0.027513,-0.576824,0.546607,0.013247,-0.284691,0.226983,0.525270,-0.278357,-0.320355,0.003140,0.346942,-0.071529,-0.326582,-0.047165,0.075043,-0.672978,-0.457628,-0.367997,-0.034769,0.608628,0.076149,0.549322,-0.764825,0.376605,-0.582637,0.460739,0.522697,0.656208,-0.340454,0.182473,-0.862895,-0.715103,-0.211031,-0.333433,0.167042,0.911335,0.860560,-0.114496,0.230440,-0.400242,0.213958,0.243753,0.168765,-0.263480,-0.280546,-0.278647,-0.840271,-0.844284,-0.465848,-0.011077,0.170908,-0.339379,0.357414,0.038766,0.194751,-0.293975,-0.424956,0.290820,0.068796,0.300014,-0.010375,0.168384,0.551772,0.050147,0.132269,0.032214,-0.133651,0.044480,-0.238539,-0.321243,0.230120,0.238168,0.042838,-0.268198,0.738936,-0.119746,-0.358021,-0.032040,0.096544,0.181292,-0.374336,-0.326876,0.172884,0.021169,0.034869,-0.791441,0.139387,-0.194284,0.319216,0.427062,-0.290176,-0.773065,-0.331979,-0.011321,-0.854468,0.064446,0.142391,0.138738,0.630208,0.556894,-0.731313,-0.017899,-0.363074,0.034940,0.139723,0.025986,-0.343669,-0.447860,0.130136,0.139553,-0.061608,-0.504562,0.500769,-0.254957,-0.833579,0.162408,0.259095,-0.075694,0.014821,-0.164173,0.231536,0.246482,-0.208337,0.016846,-0.111277,-0.435447,-0.132820,0.569608,0.294430,0.623452,0.625529,-0.097029,0.242742,-0.294905,-0.263341,-0.005213,0.092588,0.126614,0.148469,0.010652,0.049996,0.252154,0.395064,0.043026,-0.376659,-0.738391,-0.090714,0.045638,0.084530,0.641605,-0.281672,0.000076,-0.185729,0.502975,0.185836,-0.238367,-0.278244,0.502743,0.005996,-0.342805,-0.868667,-0.184614,-0.326589,-0.260025,0.234305,-0.187544,0.226940,-0.003863,-0.222888,-0.308462,-0.651837,0.540058,-0.206510,0.108727,-0.273569,-0.192413,0.119862,0.432729,-0.278464,-0.879717,0.675259,-0.616940,0.159894,-0.088794,0.183693,-0.214042,-0.818644,-0.344058,0.132166,-0.241155,0.158201)
