col_0 <- c(0.256269,-0.477326,0.354648,0.017079,0.383761,-0.198360,-0.201118,-0.022910,-0.001872,0.021564,0.291083,-0.656022,-0.496365,0.772929,0.629771,-0.594235,-0.223474,-0.012029,-0.027350,0.790159,0.249379,0.852619,-0.680813,0.405440,0.029986,0.408988,-0.143387,0.124887,-0.503952,-0.051192,-0.670461,-0.270094,-0.410321,-0.119293,-0.260765,-0.135351,-0.124443,-0.436554,0.352469,0.748211,-0.489855,-0.110282,0.263871,-0.012431,0.762470,-0.562658,-0.612225,0.413853,-0.659251,-0.402211,-0.498457,-0.256017,0.004707,-0.042502,-0.157420,0.476990,-0.201345,0.282941,-0.534251,-0.381275,-0.477092,-0.038927,-0.075059,0.530728,0.024554,-0.474089,0.126345,-0.072409,-0.575499,-0.552525,0.335437,-0.667558,-0.546896,-0.006798,0.313746,-0.225992,-0.542611,0.432934,0.347892,0.737379,0.015914,-0.099294,0.343172,-0.414698,-0.027868,0.186175,-0.079032,-0.237895,-0.068516,0.330061,0.701884,-0.605991,0.015141,-0.163727,0.403278,-0.004075,0.293504,-0.665142,0.027348,-0.007923,-0.030527,-0.227800,0.123034,-0.030858,0.176558,-0.504015,0.732724,-0.569227,-0.330359,0.789324,0.264739,-0.171800,0.538344,-0.180809,-0.662481,-0.084321,0.445312,-0.638305,0.548427,0.765367,-0.184581,-0.087122,0.666235,0.017037,-0.571818,-0.136958,-0.431315,-0.067051,-0.187544,-0.063079,-0.689697,0.002733,0.736281,-0.407001,-0.231642,0.292103,0.296095,-0.068216,-0.106824,-0.434006,0.335241,-0.589808,-0.267191,-0.525035,0.334099,-0.162704,0.528697,0.333180,-0.103880,0.010091,0.788478,-0.124575,0.171751,0.138315,0.253588,0.285443,-0.027014,-0.665276,0.394935,-0.139632,0.603621,-0.024941,0.704638,0.851308,-0.069973,0.628720,0.075685,-0.044545,-0.168951,0.743515,0.274191,0.807139,0.874675,-0.577244,-0.135951,-0.141309,0.726578,0.516053,-0.146697,0.878495,-0.329957,-0.159229,0.045577,0.360375,0.405705,-0.212973,-0.655563,-0.246670,0.763102,-0.174645,-0.012441,0.736693,-0.366054,0.174223,0.006095,0.731787,0.008489,0.031733,-0.503512,-0.573821,0.007391,-0.075865,0.410403,-0.530800,0.159373,0.556626,0.298945,-0.461430,0.273201,0.290944,-0.063934,0.001241,0.309187,0.000000,-0.067864,-0.106759,-0.589810,-0.569755,-0.187592,-0.372511,0.368561,-0.340139,0.852796,-0.029377,-0.035830,-0.101449,-0.504857,0.887558,0.263978,-0.005584,-0.560478,-0.719546,0.725383,-0.363666,-0.553953,-0.029326,0.285428,0.101488,-0.076997,-0.650554,0.207556,-0.120458,0.067950,0.311046,0.289567,0.261651,0.022216,-0.231583,0.222042,0.003816,-0.696240,0.693572,0.111502,0.213246,-0.720889,-0.204973,0.101326,-0.010489,-0.219742,0.624776,0.969111,0.349953,-0.692054,-0.579116,0.680361,-0.061890,0.411364,0.359593,-0.599865,-0.077460,0.153851,0.180846,0.144675,-0.082682,-0.639025,-0.202735,0.088182,-0.096237,-0.119608,-0.386909,0.186255,-0.156634,-0.152198,0.172753,0.424385,0.210801,0.547388,0.205456,0.193789,0.087808,0.191253,-0.015513,-0.352123,0.312490,-0.102805,-0.172009,-0.460969,0.127889,0.245542,-0.161694,0.383016,0.306677,-0.679094,-0.002129,0.281895,0.184097,0.247363,-0.004532,0.048129,0.016228,-0.060790,-0.513177,-0.045915,-0.238055,0.082960,-0.113560,0.542439,0.016540,-0.005436,0.236498,0.146815,-0.555396,0.147595,0.315452,0.283024,0.313877,-0.926825,-0.126171,0.800360,0.268876,0.793597,0.545436,0.416320,0.322595,0.225667,0.297387,-0.050797,-0.154614,-0.089327,-0.672813,0.438393,-0.102979,0.237817,0.432115,0.281922,0.754247,0.997166,0.828367,0.317693,0.349331,-0.462635,-0.752181,0.201767,0.129387,0.110787,0.698793,-0.160955,0.021241,-0.685883,-0.096770,0.860856,-0.032398,-0.068346,-0.576867,0.269160,0.997087,0.717572,-0.166188,0.765580,-0.092814,-0.008797,0.191353,-0.474927,-0.167491,-0.135543,-0.186559,0.606346,0.282391,-0.098108,0.046839,-0.100913,0.351699,0.767280,0.730516,0.355155,0.523725,0.118857,0.937976,0.473882,-0.288001,0.467160,0.879756,-0.649854,0.252885,-0.024100,-0.682870,0.394532,0.282521,0.314575,0.743084,0.456449,0.289189,-0.352654,0.013681,0.492473,-0.054646,-0.176750,-0.511629,0.160513,-0.214785,0.428654,0.121014,0.178548,-0.100620,-0.002070,0.688344,-0.021579,-0.599535,-0.071935,-0.730979,0.002672,0.078581,-0.098176,0.307381,0.826321,-0.139634,0.102345,-0.707922,0.043995,-0.694079,0.000452,0.405122,0.365685,-0.144826,-0.094204,0.614032,-0.259353,-0.595283,-0.156781,0.190579,-0.546870,-0.166114,0.544258,0.351257,0.008743,0.788642,-0.711322,-0.059940,-0.162142,-0.378650,-0.077406,-0.240573,0.365482,-0.090634,0.494398,0.419155,-0.116006,-0.061696,0.096086,0.387272,-0.622691,0.158007,-0.148564,0.199100,0.004806,0.440236,0.133550,-0.009753,-0.152679,-0.224412,-0.419253,0.045733,-0.232620,0.229631,0.004796,-0.241269,0.135728,0.332831,-0.148407,-0.129825,-0.000456,-0.508322,0.429922,0.213859,-0.505296,-0.539709,0.088763,-0.001913,-0.099601,0.467736,-0.093409,-0.341827,0.484680,-0.040985,0.434135,0.514151,-0.416881,0.347333,0.216139,0.355869)
