col_0 <- c(0.486831,0.653434,0.101386,0.011804,-0.105202,0.483470,0.348140,0.492642,0.987655,0.286729,0.555322,0.401613,0.071898,-0.578483,0.445135,-0.731936,-0.997909,0.628366,-0.128804,-0.980732,-0.402204,0.592344,0.643257,-0.878960,0.109061,-0.580967,-0.429044,-0.759522,-0.201011,0.022197,0.630615,0.030966,0.669979,0.065898,0.102736,-0.744722,0.098581,0.617888,-0.519629,-0.000854,0.379022,0.207874,0.229978,0.709435,0.581908,0.149096,-0.135676,0.749165,-0.465714,-0.261261,0.140918,0.022192,0.005921,0.197181,-0.849596,-0.337024,0.031924,0.003007,-0.129475,-0.413614,0.516379,-0.025403,-0.631814,-0.387260,0.197560,0.322575,0.465041,0.584213,-0.166693,-0.391645,0.382869,-0.236461,-0.153634,-0.110144,-0.885952,0.139367,0.042807,-0.212470,-0.274326,-0.539828,-0.425565,0.047482,-0.320516,0.041601,0.097914,-0.271736,0.042686,-0.194661,-0.099188,0.285598,-0.087347,-0.088631,-0.773275,0.383066,0.576663,-0.172102,-0.386027,0.401115,-0.031387,-0.235655)
col_1 <- c(-0.442673,0.112216,0.018162,-0.034010,-0.490853,-0.214703,-0.286705,-0.233087,-0.143326,-0.889950,0.240089,-0.307804,0.003833,-0.656492,0.381118,0.172551,-0.013453,-0.727102,0.178352,0.080126,-0.062296,-0.101635,-0.689542,0.008367,-0.014341,-0.792948,-0.145362,-0.026960,0.792918,0.113857,-0.022034,0.147791,-0.005311,0.016775,0.029905,-0.286694,-0.068423,0.087120,0.508444,0.668999,-0.286300,0.687250,0.771450,-0.172052,0.084422,0.242889,-0.464594,0.164442,-0.235786,0.284146,0.131875,-0.057892,-0.010437,0.640328,-0.151514,-0.217292,-0.136312,-0.006321,0.268403,-0.362523,0.061256,0.365117,-0.567109,-0.060775,0.127260,-0.306546,-0.468334,-0.210562,0.724060,0.721564,-0.469731,-0.424597,0.726943,0.853926,0.103700,0.604133,-0.132244,-0.957715,0.192277,0.746208,-0.160994,0.215839,-0.229141,0.835966,0.121445,-0.410151,0.808874,0.626453,0.260773,0.668553,-0.463847,0.666129,0.116489,0.578702,0.282177,-0.431979,-0.180164,0.468824,0.242981,-0.480304)



col_2 <- c(-0.538399,0.459639,-0.279385,0.117151,-0.118530,-0.383898,0.473241,0.106105,0.023360,-0.112279,0.730786,-0.044699,-0.045774,-0.536583,0.279184,-0.192131,0.274455,0.189177,0.255150,-0.248003,0.225542,0.234060,-0.085028,0.810013,0.092932,-0.713018,0.177687,-0.104249,0.416817,-0.060391,-0.543922,0.430546,0.449546,-0.530297,0.350747,-0.146268,0.530397,-0.476511,-0.100901,0.429980,0.663609,-0.197331,-0.453313,0.166337,0.564315,0.012557,-0.014494,0.817854,-0.019006,0.261703,-0.639482,-0.652183,0.229142,-0.707302,0.786467,-0.152527,0.270316,0.452474,-0.115236,-0.709553,0.035786,-0.849118,0.030334,-0.163205,0.194770,0.015027,0.279045,0.419187,-0.413800,0.332330,-0.080717,0.582344,0.806162,-0.576460,0.279032,0.371040,-0.296175,0.025688,0.660969,-0.001346,-0.534391,-0.236620,0.798305,-0.172716,-0.040219,0.245007,0.129139,0.721828,0.304967,0.101882,0.128160,-0.044785,-0.245127,-0.134142,-0.450034,0.178766,-0.023889,-0.113935,0.789973,0.281846)
col_3 <- c(-0.267072,-0.572265,0.497981,-0.199090,-0.050907,0.461110,0.138172,0.477350,-0.365254,-0.036296,-0.358535,0.389443,-0.022489,-0.111276,0.112506,0.510011,-0.296463,-0.244322,0.253966,0.878671,-0.087720,-0.159075,-0.124785,0.145631,-0.232085,-0.053205,-0.236735,0.028217,-0.645049,-0.168505,0.273916,-0.562045,-0.020210,-0.027324,-0.273865,0.092383,0.665493,0.416685,-0.115013,0.065897,-0.329704,-0.208397,-0.374502,-0.227719,-0.597689,0.605870,0.086798,-0.147230,0.031745,0.272755,0.076148,0.107605,-0.626405,-0.233985,-0.084564,-0.133957,0.019245,0.115571,-0.105150,0.088092,0.919304,0.466861,0.468018,-0.065881,-0.308690,-0.376700,0.836695,0.203564,0.314912,0.211643,0.957604,-0.703168,0.112692,0.186895,0.419711,-0.751381,0.940466,-0.275806,-0.400811,0.107992,-0.497319,-0.013423,-0.052053,-0.270574,-0.141391,-0.100977,0.339252,0.311062,0.278503,-0.222812,0.573863,0.010502,0.398669,-0.156339,-0.482773,0.306704,0.002308,0.066655,0.105600,-0.140669)


r <- seq(from = 0, to = 1, by = 0.01)



g <- r*4*pi - pi
x <- r*cos(g)
y <- r*sin(g)

plot(x,y,type = "l", col = "red")
g <- r*4*pi
x <- r*cos(g)
y <- r*sin(g)
points(x,y,type = "l", col = "blue")
points(col_0,col_1,col = "green")
points(col_2,col_3,col = "red")
